dataset,FS,LS,ST,ssgl
Adiac,0.59335,0.5217391304,0.7826086956999999,0.5345268571163382
ArrowHead,0.594286,0.8457142857,0.7371428570999999,0.7142857313156128
Beef,0.566667,0.8666666667,0.9,0.699999988079071
BeetleFly,0.7,0.8,0.9,0.8000000119209291
BirdChicken,0.75,0.8,0.8,0.8000000119209291
CBF,0.94,0.9911111111,0.9744444444,1.0
Car,0.75,0.7666666667,0.9166666667,0.8333333134651184
ChlorineConcentration,0.546354,0.5924479167,0.6997395833,0.6747395833333333
CinCECGtorso,0.8594200000000001,0.8695652173999999,0.9543478261,0.8572463778481967
Coffee,0.928571,1.0,0.9642857143,0.9285714030265808
Computers,0.5,0.584,0.736,0.6759999990463257
CricketX,0.484615,0.7410256409999999,0.7717948718000001,0.597435906300178
CricketY,0.5307689999999999,0.7179487179,0.7794871795,0.7538461510951703
CricketZ,0.464103,0.7410256409999999,0.7871794872,0.7974358992698866
DiatomSizeReduction,0.8660129999999999,0.9803921569,0.9248366013,0.9346405224862442
DistalPhalanxOutlineAgeGroup,0.654676,0.7194244604000001,0.7697841727,0.7266187071800232
DistalPhalanxOutlineCorrect,0.75,0.7789855072,0.7753623188,0.7717391287071117
DistalPhalanxTW,0.625899,0.6258992806,0.6618705036,0.6906474828720093
ECG200,0.81,0.88,0.83,0.8799999952316284
ECG5000,0.922667,0.9322222222,0.9437777778,0.9304444453981188
ECGFiveDays,0.997677,1.0,0.9837398374,0.9628339131534722
Earthquakes,0.705036,0.7410071942,0.7410071942,0.7194244861602783
ElectricDevices,0.579043,0.587472442,0.7469848269,0.7179354169909522
FaceAll,0.6260359999999999,0.7485207101000001,0.7786982249,0.7857988163387987
FaceFour,0.909091,0.9659090909,0.8522727273,0.9431818127632141
FacesUCR,0.705854,0.9390243902,0.9058536585,0.9229268292682928
FiftyWords,0.481319,0.7296703297,0.7054945054999999,0.7890109818060319
Fish,0.782857,0.96,0.9885714286,0.9200000166893004
FordA,0.787121,0.956818182,0.9712121212,0.8893939397551797
FordB,0.728395,0.917283951,0.8074074073999999,0.7839506164009189
GunPoint,0.946667,1.0,1.0,0.959999978542328
Ham,0.647619,0.6666666667,0.6857142856999999,0.6857143044471741
HandOutlines,0.810811,0.481081081,0.9324324324,0.9135135064253936
Haptics,0.392857,0.4675324675,0.5227272727000001,0.4902597383245245
Herring,0.53125,0.625,0.671875,0.609375
InlineSkate,0.189091,0.438181818,0.3727272727000001,0.3763636360385201
InsectWingbeatSound,0.489394,0.6060606061,0.6267676768,0.5479797977389711
ItalyPowerDemand,0.917396,0.9601554908,0.9475218659,0.9543245869776482
LargeKitchenAppliances,0.56,0.7013333333,0.8586666667,0.7706666695276896
Lightning2,0.704918,0.8196721311,0.7377049179999999,0.7704917788505554
Lightning7,0.643836,0.7945205479,0.7260273973,0.6849315166473389
Mallat,0.976119,0.9501066098,0.9641791045,0.9053304901763576
Meat,0.833333,0.7333333333,0.85,0.9166666865348816
MedicalImages,0.623684,0.6644736842,0.6697368421000001,0.719736837713342
MiddlePhalanxOutlineAgeGroup,0.545455,0.5714285714,0.6428571429,0.5584415793418884
MiddlePhalanxOutlineCorrect,0.728522,0.7800687285,0.793814433,0.8144329907148564
MiddlePhalanxTW,0.532468,0.5064935065,0.5194805195000001,0.5839598934752003
MoteStrain,0.777157,0.8833865815,0.8969648562,0.875399357404191
NonInvasiveFatalECGThorax1,0.710433,0.259033079,0.9496183206,0.81882951490145
NonInvasiveFatalECGThorax2,0.75369,0.770483461,0.9511450382,0.8147582700840996
OSULeaf,0.677686,0.7768595040999999,0.9669421488,0.7479338645935059
OliveOil,0.733333,0.1666666667,0.9,0.8999999761581421
PhalangesOutlinesCorrect,0.74359,0.7645687645999999,0.7634032634000001,0.7995338003674309
Phoneme,0.173523,0.21835443,0.3206751055,0.2436708861231049
Plane,1.0,1.0,1.0,0.961904764175415
ProximalPhalanxOutlineAgeGroup,0.780488,0.8341463415000001,0.8439024390000001,0.7756097316741943
ProximalPhalanxOutlineCorrect,0.804124,0.8487972509,0.883161512,0.8831615134612801
ProximalPhalanxTW,0.702439,0.7756097561,0.8048780487999999,0.8000000119209291
RefrigerationDevices,0.333333,0.5146666667,0.5813333333,0.5733333412806193
ScreenType,0.413333,0.4293333333,0.52,0.4826666747728984
ShapeletSim,1.0,0.95,0.9555555556,0.5333333611488342
ShapesAll,0.58,0.768333333,0.8416666667,0.8050000007947286
SmallKitchenAppliances,0.333333,0.664,0.792,0.8026666701634725
SonyAIBORobotSurface1,0.685524,0.8103161398000001,0.84359401,0.9034941807364464
SonyAIBORobotSurface2,0.790136,0.8751311647,0.9338929696,0.8310598067446746
StarlightCurves,0.9178,0.946576008,0.9785089849,0.9707382225538699
Strawberry,0.902703,0.9108108108,0.9621621622,0.9000000077324944
SwedishLeaf,0.768,0.9072,0.928,0.924799995326996
Symbols,0.933668,0.9316582915,0.8824120603,0.9286432139837564
SyntheticControl,0.91,0.9966666667,0.9833333333,0.9533333365122476
ToeSegmentation1,0.95614,0.9342105263,0.9649122807,0.9122806787490844
ToeSegmentation2,0.692308,0.9153846154,0.9076923077,0.9230769276618958
Trace,1.0,1.0,1.0,0.9900000095367432
TwoLeadECG,0.924495,0.9964881475,0.9973661106,0.8287971897330381
TwoPatterns,0.90825,0.99325,0.955,0.9987499990463256
UWaveGestureLibraryAll,0.788666,0.953378001,0.9422110553,0.9634282535710592
UWaveGestureLibraryX,0.694584,0.7911781128,0.8029034059000001,0.8302624239261293
UWaveGestureLibraryY,0.595757,0.7029592406,0.7303182579999999,0.7113344510263201
UWaveGestureLibraryZ,0.638191,0.7467895031,0.7484645448999999,0.7590731418312494
Wafer,0.996755,0.9961064244,1.0,0.9939974042829332
Wine,0.759259,0.5,0.7962962963,0.8333333134651184
WordSynonyms,0.431034,0.6065830721,0.5705329154,0.6833855836742724
Worms,0.649351,0.6103896104,0.7402597403,0.6883116960525513
WormsTwoClass,0.727273,0.7272727273,0.8311688312000001,0.7662337422370911
Yoga,0.695,0.8343333333,0.8176666667,0.856333333492279
