dataset,FS,LS,ST,ssgl
Adiac,0.59335,0.5217391304,0.7826086956999999,0.5396419528805082
ArrowHead,0.594286,0.8457142857,0.7371428570999999,0.7714285850524902
Beef,0.566667,0.8666666667,0.9,0.5666666626930237
BeetleFly,0.7,0.8,0.9,0.8999999761581421
BirdChicken,0.75,0.8,0.8,0.8000000119209291
CBF,0.94,0.9911111111,0.9744444444,0.9911111111111112
Car,0.75,0.7666666667,0.9166666667,0.7166666388511658
ChlorineConcentration,0.546354,0.5924479167,0.6997395833,0.5481770833333334
CinCECGtorso,0.8594200000000001,0.8695652173999999,0.9543478261,0.5920289836068084
Coffee,0.928571,1.0,0.9642857143,1.0
Computers,0.5,0.584,0.736,0.6480000019073486
CricketX,0.484615,0.7410256409999999,0.7717948718000001,0.5205128183731667
CricketY,0.5307689999999999,0.7179487179,0.7794871795,0.7410256361350035
CricketZ,0.464103,0.7410256409999999,0.7871794872,0.7820512860249251
DiatomSizeReduction,0.8660129999999999,0.9803921569,0.9248366013,0.9477124214172364
DistalPhalanxOutlineAgeGroup,0.654676,0.7194244604000001,0.7697841727,0.7122302055358887
DistalPhalanxOutlineCorrect,0.75,0.7789855072,0.7753623188,0.7898550733276035
DistalPhalanxTW,0.625899,0.6258992806,0.6618705036,0.6690647602081299
ECG200,0.81,0.88,0.83,0.8799999952316284
ECG5000,0.922667,0.9322222222,0.9437777778,0.9355555553966098
ECGFiveDays,0.997677,1.0,0.9837398374,0.9895470405427976
Earthquakes,0.705036,0.7410071942,0.7410071942,0.7122302055358887
ElectricDevices,0.579043,0.587472442,0.7469848269,0.7115808584674325
FaceAll,0.6260359999999999,0.7485207101000001,0.7786982249,0.7792899403875396
FaceFour,0.909091,0.9659090909,0.8522727273,0.8409090638160706
FacesUCR,0.705854,0.9390243902,0.9058536585,0.9253658536585366
FiftyWords,0.481319,0.7296703297,0.7054945054999999,0.7846153935233315
Fish,0.782857,0.96,0.9885714286,0.8742856979370117
FordA,0.787121,0.956818182,0.9712121212,0.925757576118816
FordB,0.728395,0.917283951,0.8074074073999999,0.7839506166952628
GunPoint,0.946667,1.0,1.0,0.959999978542328
Ham,0.647619,0.6666666667,0.6857142856999999,0.6190476417541504
HandOutlines,0.810811,0.481081081,0.9324324324,0.9324324253443124
Haptics,0.392857,0.4675324675,0.5227272727000001,0.4902597406467834
Herring,0.53125,0.625,0.671875,0.671875
InlineSkate,0.189091,0.438181818,0.3727272727000001,0.3745454555208033
InsectWingbeatSound,0.489394,0.6060606061,0.6267676768,0.5999999987958657
ItalyPowerDemand,0.917396,0.9601554908,0.9475218659,0.9426627793974732
LargeKitchenAppliances,0.56,0.7013333333,0.8586666667,0.7786666693687438
Lightning2,0.704918,0.8196721311,0.7377049179999999,0.7868852615356445
Lightning7,0.643836,0.7945205479,0.7260273973,0.7397260069847107
Mallat,0.976119,0.9501066098,0.9641791045,0.8933901914401349
Meat,0.833333,0.7333333333,0.85,0.9333333373069764
MedicalImages,0.623684,0.6644736842,0.6697368421000001,0.7315789467410038
MiddlePhalanxOutlineAgeGroup,0.545455,0.5714285714,0.6428571429,0.4545454680919647
MiddlePhalanxOutlineCorrect,0.728522,0.7800687285,0.793814433,0.7697594509911292
MiddlePhalanxTW,0.532468,0.5064935065,0.5194805195000001,0.5939849561318419
MoteStrain,0.777157,0.8833865815,0.8969648562,0.8514377025369638
NonInvasiveFatalECGThorax1,0.710433,0.259033079,0.9496183206,0.8335877879581985
NonInvasiveFatalECGThorax2,0.75369,0.770483461,0.9511450382,0.8641221364339192
OSULeaf,0.677686,0.7768595040999999,0.9669421488,0.6735537052154541
OliveOil,0.733333,0.1666666667,0.9,0.8666666746139526
PhalangesOutlinesCorrect,0.74359,0.7645687645999999,0.7634032634000001,0.8088578098303788
Phoneme,0.173523,0.21835443,0.3206751055,0.2579113924522189
Plane,1.0,1.0,1.0,1.0
ProximalPhalanxOutlineAgeGroup,0.780488,0.8341463415000001,0.8439024390000001,0.8000000119209291
ProximalPhalanxOutlineCorrect,0.804124,0.8487972509,0.883161512,0.8247422692701989
ProximalPhalanxTW,0.702439,0.7756097561,0.8048780487999999,0.7804877758026123
RefrigerationDevices,0.333333,0.5146666667,0.5813333333,0.5200000092188517
ScreenType,0.413333,0.4293333333,0.52,0.477333340326945
ShapeletSim,1.0,0.95,0.9555555556,0.6222222447395325
ShapesAll,0.58,0.768333333,0.8416666667,0.8533333317438762
SmallKitchenAppliances,0.333333,0.664,0.792,0.7946666693687439
SonyAIBORobotSurface1,0.685524,0.8103161398000001,0.84359401,0.9334442615509032
SonyAIBORobotSurface2,0.790136,0.8751311647,0.9338929696,0.8499475341653774
StarlightCurves,0.9178,0.946576008,0.9785089849,0.9628460418836421
Strawberry,0.902703,0.9108108108,0.9621621622,0.9567567612673784
SwedishLeaf,0.768,0.9072,0.928,0.8976000007629394
Symbols,0.933668,0.9316582915,0.8824120603,0.9266331697229164
SyntheticControl,0.91,0.9966666667,0.9833333333,0.9966666698455808
ToeSegmentation1,0.95614,0.9342105263,0.9649122807,0.9166666865348816
ToeSegmentation2,0.692308,0.9153846154,0.9076923077,0.8615384697914124
Trace,1.0,1.0,1.0,0.9800000190734864
TwoLeadECG,0.924495,0.9964881475,0.9973661106,0.8946444220036347
TwoPatterns,0.90825,0.99325,0.955,1.0
UWaveGestureLibraryAll,0.788666,0.953378001,0.9422110553,0.9673366848814094
UWaveGestureLibraryX,0.694584,0.7911781128,0.8029034059000001,0.7900614202322074
UWaveGestureLibraryY,0.595757,0.7029592406,0.7303182579999999,0.7255723059077558
UWaveGestureLibraryZ,0.638191,0.7467895031,0.7484645448999999,0.7560022325238857
Wafer,0.996755,0.9961064244,1.0,0.993672939649578
Wine,0.759259,0.5,0.7962962963,0.7222222089767456
WordSynonyms,0.431034,0.6065830721,0.5705329154,0.6771159854054825
Worms,0.649351,0.6103896104,0.7402597403,0.649350643157959
WormsTwoClass,0.727273,0.7272727273,0.8311688312000001,0.7662337422370911
Yoga,0.695,0.8343333333,0.8176666667,0.8983333344459534
